2 4 3501 13070 13729 11333 
2 3 9458 16794 11333 
3 6 11333 16793 221 271 16798 322 
1 7 3369 9484 9562 3463 540 6526 13728 
1 5 3369 6351 11446 6489 9458 
1 5 407 377 4976 3241 6378 
1 6 3241 6301 3301 3205 16906 6384 
2 3 9315 6318 6384 
1 5 16793 11253 296 16812 11279 
1 3 11297 9269 9315 
2 5 9315 9379 9332 11270 351 
1 5 6384 6335 9285 219 11218 
1 5 11218 9350 9237 6395 3273 
1 4 15889 15890 3150 11136 
1 5 351 11299 11378 9392 9383 
1 4 15889 11306 9161 9075 
3 6 7394 11267 15721 3342 15723 11293 
2 4 11293 3359 15728 3379 
1 4 3379 3329 15733 276 
1 4 3369 6378 7239 9297 
1 6 11333 16795 9239 6221 6270 9297 
1 2 9297 11279 
1 6 6880 9765 6933 980 970 11805 
3 5 11805 3861 799 6924 9817 
3 3 9817 11673 6734 
3 3 6734 9686 11677 
3 4 6734 9689 11710 758 
1 4 758 6955 11692 11677 
1 7 11677 11840 3725 3727 3918 918 11825 
1 7 11707 14875 3729 726 3920 4024 11825 
1 4 11825 6936 903 885 
1 4 885 11852 13979 740 
1 5 11707 6749 9703 11688 740 
1 5 11852 3902 6903 6878 3816 
3 6 3816 3954 6966 6812 15358 9764 
2 4 9824 6927 854 9764 
3 4 3816 9813 11821 915 
3 4 743 6756 15365 740 
3 4 11825 9846 3874 6867 
1 5 6867 874 845 889 9817 
1 5 6867 794 11756 9917 6866 
1 6 6866 9877 3926 844 924 11805 
2 6 9917 11820 3938 896 14961 9767 
1 6 11825 9827 3820 3794 14961 9767 
2 8 9767 14962 6993 9785 14963 9933 813 3816 
3 5 6966 3873 6817 9896 6906 
2 6 9767 3858 9852 3945 888 832 
1 6 3816 11737 7213 871 3799 6906 
2 4 10024 1093 9903 832 
1 5 6906 6959 962 4098 10024 
1 5 10024 10109 4065 11956 1176 
1 2 12038 11956 
3 6 1176 7068 7198 4182 10094 7183 
1 3 7198 6744 875 
1 4 7183 7098 9891 875 
1 3 4182 10009 9979 
1 2 7183 1048 
3 7 7183 4080 11749 6954 931 9925 6866 
2 7 875 3871 6896 6832 6948 985 9925 
2 6 3858 6914 6800 9778 12081 6896 
2 5 9898 6960 3946 9853 9824 
2 7 9898 11877 958 11834 911 3928 9909 
1 4 6766 943 9723 6960 
3 6 743 11697 3740 11699 3749 6766 
1 4 743 9710 6777 9737 
3 6 9737 9717 11720 6775 11702 6766 
2 6 6613 3589 780 762 11713 958 
2 6 6780 9738 9745 11573 6784 3589 
1 4 6613 11593 3594 9607 
1 6 9607 9748 769 6770 760 9898 
2 5 9607 11576 6648 3621 620 
2 4 620 9751 9734 6775 
2 6 11596 629 11582 595 11565 9737 
2 4 11596 11869 3626 620 
2 4 11596 3659 655 6657 
1 3 620 3598 595 
2 5 3552 6572 9525 11508 9495 
3 6 3552 542 6536 9510 15216 11465 
3 3 512 9725 9523 
3 6 512 6533 9492 9478 503 11465 
3 3 9492 3671 11596 
3 8 9523 12510 6547 3534 3509 3523 527 9495 
3 7 6449 3579 15177 15178 11535 6599 9578 
3 3 9434 11563 9578 
3 7 9523 11506 9534 3549 9578 11563 485 
3 2 9561 11506 
1 5 11548 3536 9500 11420 454 
2 5 11732 551 6949 11491 9523 
3 6 3652 11628 3669 3506 6518 9725 
2 5 3652 9642 6698 698 678 
2 4 678 6529 1346 9503 
1 5 9503 14695 11502 3629 9559 
2 4 9561 11549 3546 11732 
2 5 9561 454 3476 16822 11483 
2 2 9559 6583 
2 3 11531 3629 9559 
3 2 3506 9490 
2 5 9490 3533 6531 9658 6698 
2 6 11732 6545 5291 11516 521 9503 
2 2 9503 6542 
2 6 512 3493 6688 11611 9609 9607 
3 4 3652 648 11794 6613 
1 3 4159 14589 4014 
3 5 4159 15099 1156 15098 10074 
1 6 11837 15102 9856 6972 3958 15101 
1 3 11837 11998 6979 
3 5 883 6843 9784 15100 11837 
3 11 819 15103 955 15101 851 3968 10027 3901 12066 12668 9990 
3 4 819 10628 11803 883 
1 7 819 10628 9826 15071 11846 15072 9904 
1 4 9904 11751 13545 6862 
1 4 11773 11824 4737 9772 
2 4 883 6939 3966 6831 
1 5 9904 11882 9794 13253 925 
1 4 925 11790 9838 6831 
1 2 6862 6875 
2 6 9907 9879 3885 13254 15074 6862 
2 7 6875 11833 6946 13987 13255 6973 6788 
3 4 6788 3772 11891 9909 
3 5 6780 11730 9741 771 6788 
3 3 9741 13256 3780 
2 5 6606 9752 6790 16865 3780 
3 2 6606 782 
3 4 14577 9582 6793 6606 
3 5 11584 14578 14577 3604 603 
2 4 6626 628 3657 14578 
1 3 9627 16349 599 
1 4 6626 599 14576 11735 
2 5 11618 9630 11598 9598 3604 
2 6 11604 13368 9587 6635 607 3780 
2 6 663 11601 661 3641 9600 607 
1 4 6606 6985 11889 9907 
1 4 782 9924 967 925 
3 6 11548 575 11483 16502 9536 516 
1 5 6598 6560 13266 6446 575 
3 8 516 16504 13068 11519 6537 11407 9211 6583 
1 6 9498 13260 16337 11419 6598 516 
3 2 391 68 
1 4 3314 68 3211 9498 
3 5 391 6241 9363 3512 6469 
1 5 6241 6286 16343 16345 9335 
1 2 9335 6336 
1 3 6469 13264 587 
3 4 6469 495 6535 9509 
2 4 6537 11562 9522 587 
2 3 587 3547 11494 
3 7 6469 6570 16823 529 14539 6444 6488 
2 5 11531 14694 11547 11560 6444 
2 6 11531 9575 16824 3423 11494 529 
3 5 6488 589 6568 3530 9517 
3 6 663 13372 6934 694 11486 9517 
3 8 11560 3558 3530 6542 6712 11640 9638 13371 
1 4 9515 16825 11653 692 
2 4 688 3688 9652 692 
1 4 9515 15974 571 11544 
2 4 708 3690 11499 9517 
2 3 708 3705 692 
2 4 11544 561 3299 3705 
2 4 11445 11417 9572 11544 
1 4 11618 9633 6678 6680 
2 5 11618 11634 13206 3675 688 
1 4 9648 653 16351 3673 
1 3 3675 3674 3673 
1 5 9648 13205 6690 704 11666 
1 5 11666 13207 9134 11651 9665 
2 3 11542 9569 13657 
3 4 11542 14679 16861 6418 
2 7 11544 9416 11404 6470 3585 3418 11432 
2 8 514 15765 11481 3535 6501 9441 15761 11404 
3 6 514 14967 6441 9428 15772 6521 
3 4 6521 14838 15773 9496 
3 5 3522 15768 15771 3499 6521 
3 4 3522 6487 6582 3535 
3 5 6282 349 3312 15775 14838 
2 4 6282 6390 6309 6236 
1 5 3522 15770 9375 526 6377 
1 3 3271 3395 6377 
3 5 14964 3271 6298 6325 9347 
3 5 321 11276 15780 9320 9347 
2 6 321 293 15778 3258 3367 375 
2 5 321 9388 3340 15785 349 
2 3 241 336 14964 
1 5 6535 16506 9281 11264 336 
2 4 9524 564 11431 9509 
1 4 564 6513 11493 6377 
2 5 9335 11318 11360 11233 241 
3 6 9524 11445 6549 3524 9486 6488 
2 3 9347 13763 6389 
1 5 3277 11251 317 16654 6389 
1 7 399 3277 15452 6364 15455 6235 394 
1 3 3277 15075 3325 
3 4 3325 15450 6393 6287 
1 6 9361 15787 6334 15784 6390 6282 
1 5 362 9263 11343 11372 9361 
1 6 395 9398 6375 9346 15069 15070 
3 6 9570 15109 552 6595 3438 444 
1 15 9496 537 6236 14612 9252 11260 9387 11288 334 389 15070 3380 6402 14542 6332 
2 5 514 15764 11432 6440 14679 
2 7 11542 9421 15105 494 569 13636 3569 
1 5 3569 3553 15104 16859 6590 
2 4 9692 541 3484 11539 
1 2 9692 14220 
1 5 11666 14225 6739 557 3569 
1 4 3581 3550 581 11539 
1 6 11536 13634 3565 6586 6573 3581 
1 4 541 11679 11663 16856 
2 7 9660 716 6716 699 730 11659 3696 
1 9 11581 9611 13414 3670 6685 682 6703 16856 9660 
1 7 11666 14220 3700 6720 9676 11663 9660 
1 6 9660 684 16854 6700 9621 3617 
3 4 279 3324 389 362 
3 9 279 243 3381 16473 11515 493 548 9400 16790 
3 7 279 3295 3230 6401 493 11626 9508 
3 3 3381 17 6558 
3 6 9496 3473 444 14611 3532 6558 
3 4 9570 3283 16472 6558 
3 6 9508 3482 11532 11428 1080 13659 
1 3 9427 13659 6464 
3 6 6464 11467 9511 6512 15715 9570 
3 5 9427 11430 6416 3458 3559 
3 4 524 12562 3559 11399 
2 4 3544 16790 11492 9508 
2 5 15069 6347 11629 6567 3544 
2 7 13988 9533 3511 6509 6557 13488 572 
2 4 3392 12904 3753 11301 
1 4 3393 13721 400 11301 
1 5 3309 6359 3281 347 11301 
1 5 3393 13722 9274 15480 3320 
1 6 15066 11550 11411 12660 6483 11479 
2 10 9427 11398 11413 442 6499 9095 3434 16771 9468 11479 
2 6 3544 524 16792 402 290 3753 
1 4 3392 11466 6484 11399 
1 5 395 266 11386 11357 11301 
2 8 11265 6332 15481 395 3384 11312 3272 6296 
2 4 6296 15482 15480 3320 
3 5 6296 15486 6360 6229 9483 
1 4 3288 6314 15495 3354 
1 5 6590 9567 13219 9412 6464 
2 3 11581 3592 3601 
2 2 11581 3654 
3 6 9648 9646 596 3654 6650 9627 
2 8 11581 624 9595 6647 14672 11577 11580 11624 
2 6 13602 9591 9588 6619 3596 11581 
1 5 11899 11872 6942 9894 6889 
3 3 11586 11624 3617 
2 5 11586 11583 6998 9602 11887 
2 4 11887 9906 9874 3882 
2 4 11887 11868 13609 949 
1 4 3601 6611 984 3924 
1 6 3882 3865 3833 13604 3526 11818 
2 9 4109 13639 1109 3864 863 3973 3844 10163 11818 
2 4 949 3908 3937 6923 
1 9 9783 649 9769 6842 3819 3952 13608 3971 949 
2 6 6923 9862 11842 922 6895 9833 
1 3 3696 3709 6711 
1 9 6711 693 3694 676 6679 11605 6695 660 3663 
1 8 3663 3636 3639 637 3645 11657 3649 9606 
1 4 9617 11603 6677 9635 
1 6 3663 9651 11652 9701 6747 9716 
1 7 741 13676 11686 13679 3707 723 9716 
1 4 9716 6584 6761 15066 
1 2 9833 11829 
1 4 11829 11811 6871 3951 
3 4 3951 6808 9806 11784 
2 3 3951 11831 3983 
1 6 3983 3856 981 11898 928 4112 
1 5 4112 11848 9921 11778 6912 
1 5 3951 11831 856 785 9921 
1 5 3983 9878 3876 11860 940 
1 7 940 9755 6807 9763 9830 15049 11810 
2 6 11810 806 3889 14523 14586 12473 
1 5 14528 7620 9912 9893 14523 
1 5 9777 3903 3935 9915 11881 
1 8 9777 6977 921 3870 3807 11844 6925 11784 
1 4 11784 6908 3919 11866 
1 4 2133 13358 6991 11853 
1 9 9204 14 9174 3129 11176 9296 11367 6176 53 
1 11 6115 11078 6160 3021 6184 9135 11135 6136 11113 6118 3022 
1 8 6184 11206 9227 6204 111 9139 11169 3022 
1 9 6115 9204 9032 3183 6080 11028 6145 16757 122 
2 11 6165 9186 15852 15856 15861 15865 15872 101 15875 9083 192 
1 12 3022 6038 115 9066 11049 3162 9154 15817 11123 9035 15815 9151 
2 11 6050 15462 9149 3182 11091 15810 3045 11147 11040 15814 9151 
2 3 11082 15458 9308 
3 12 383 4761 3054 3375 3063 6188 15459 9109 15460 11082 161 6050 
2 10 9308 9393 6397 9406 15446 9226 9410 9300 14406 9279 
2 7 14406 6345 9362 6412 3307 15456 383 
1 5 11215 11327 11160 9300 6345 
1 9 9186 15849 6125 15850 9147 11125 11164 11081 158 
1 8 158 11121 16526 195 66 3172 63 16522 
1 2 6144 67 
1 5 3137 6047 16515 9160 11033 
1 7 11105 16507 6144 9167 11066 11172 3137 
1 6 11105 16507 9129 6108 9194 3083 
1 7 9206 16511 6082 11056 9183 204 67 
1 10 9206 11162 3050 6150 3187 6052 6153 9078 2994 11159 
1 4 3068 9061 3030 3187 
1 8 11033 9056 9163 141 11141 9104 3125 9233 
1 5 9262 11246 3354 15496 9483 
2 5 9340 15110 6222 6376 9483 
2 5 9340 10323 11222 7482 310 
2 4 3152 496 4743 3174 
3 7 4640 11443 11057 11127 11426 3152 567 
2 10 9340 9240 15475 3388 6408 9485 592 13268 415 11202 
2 6 310 11358 11342 15487 9295 3320 
2 4 13668 4139 13670 7069 
2 3 7069 10070 7100 
1 4 7100 1194 10113 13235 
2 9 7132 13875 13872 4116 989 1111 7173 11987 7100 
1 9 13860 7958 13863 13864 13868 7008 4150 13874 7132 
2 6 7132 11923 13879 1013 9964 1145 
2 8 1145 11939 13880 7166 4046 10078 12051 13878 
1 5 12888 10059 7065 9976 12051 
2 5 7180 13437 7162 4129 11921 
2 6 13878 7081 1160 4163 1046 13437 
2 2 11969 7180 
1 8 4111 13224 14579 4550 1056 14582 7140 12473 
1 4 4111 13223 13311 792 
1 2 4206 1201 
1 5 13350 7151 1 13214 4206 
1 4 13350 13352 10089 4017 
1 7 4206 13212 4088 4161 11979 1155 12049 
2 6 4076 12091 10073 4138 4055 4143 
2 4 4143 12004 4073 12049 
2 3 10073 10005 11964 
2 6 11974 7030 7188 7148 1068 4055 
1 6 11974 12044 1151 12071 1064 11999 
1 7 13579 13593 10835 2027 12101 14665 4017 
1 8 2097 10793 13322 15113 13321 13317 10876 8001 
1 5 2089 13316 12726 2004 8001 
1 2 2089 15145 
1 3 5005 12784 1922 
1 7 1922 2065 1982 15161 10922 15131 10837 
1 6 10837 15130 10768 15134 10385 7602 
1 3 8124 7980 12714 
1 4 13520 13519 15423 12714 
1 6 4995 14604 2063 13420 10928 12991 
1 4 12725 2046 1977 14178 
1 10 2046 7989 16565 16561 16558 16555 16557 10743 16559 12881 
1 10 12836 10745 4961 14179 16570 14178 16567 14176 10900 12881 
2 9 11159 9118 3033 92 155 6021 140 94 9195 
2 7 11159 90 6057 11153 11137 11059 70 
1 5 70 9197 11068 9178 13320 
2 9 3124 6189 3085 93 11093 6131 3140 57 70 
1 6 4640 13270 104 181 6174 3151 
1 6 11202 11097 95 9098 11032 6174 
1 9 187 110 11191 9212 11109 15750 11072 117 15757 
3 19 6380 14316 3259 344 9256 6245 3215 11315 2999 187 15751 9111 6086 71 6035 15757 3072 79 3151 
2 8 121 252 6356 9278 6283 9378 14399 6380 
2 6 121 9122 11099 2 11107 9131 
2 4 9131 11213 11189 3124 
2 13 9131 3175 11177 75 72 16914 9187 9130 3130 16922 16923 312 3338 
1 3 3215 9343 11349 
1 5 6303 287 6367 3344 11234 
2 5 16645 11241 9323 16649 9386 
1 6 310 6459 3219 6326 6249 9323 
2 12 6124 9214 6089 3167 9180 11075 9200 3135 143 11143 9168 11107 
2 3 11344 3303 11375 
2 13 11375 9389 6295 6392 3268 280 378 6316 9235 3290 301 14313 6380 
2 12 3290 9282 11268 11379 11248 269 9376 330 3322 6410 9298 11344 
2 9 6338 11356 9373 6312 6374 3285 297 11394 11344 
2 10 6124 272 3139 3027 370 9293 12203 7346 11352 7375 
2 7 6338 260 9336 3251 3300 6388 6278 
2 11 6278 7403 206 1380 10286 10314 361 3280 7320 10133 1821 
2 3 7375 11228 361 
2 5 1821 9553 1543 10189 14995 
2 9 14995 1387 7846 7774 3472 13356 12652 4700 10696 
2 8 10696 12679 1733 1860 7825 7274 4866 7757 
2 8 7841 1876 4842 4853 4818 12621 12691 4724 
2 18 12641 10643 10574 12556 4798 12543 12569 4847 14484 1842 7616 7851 10678 7754 12657 1802 1739 7763 
2 12 957 3977 6838 3787 6684 664 9639 6686 11643 10466 1504 12189 
2 4 10133 12287 1233 9292 
2 3 9292 1327 1292 
2 8 1292 1775 1294 12521 4780 7800 1709 10696 
2 6 9292 12157 10329 12117 12130 291 
2 8 291 273 3289 12172 227 11256 11377 11225 
2 15 11225 9299 6226 3246 3196 257 11240 11393 9409 6409 3360 6353 3332 367 11351 
2 3 413 6317 6369 
2 6 413 9448 11540 6428 3566 6587 
1 10 15929 15926 498 3487 3461 9440 11579 9735 11706 9753 
2 7 3578 3477 326 3316 6366 6394 6226 
1 8 3529 15933 5011 3582 579 487 544 6587 
2 11 9417 11434 11450 9488 3519 547 3567 3469 11475 3527 413 
1 10 3529 15930 9504 15928 3505 3489 509 484 11459 11450 
1 14 3529 15929 15927 11447 9474 6503 6490 3443 9415 6796 3779 775 16907 6781 
1 8 3668 6701 700 6748 3726 6758 6760 11706 
2 6 3668 4463 7624 4458 7495 7661 
1 8 6671 12309 14090 11674 4477 4614 16770 7661 
2 7 6671 15377 15379 9626 654 772 3653 
1 4 3668 3682 666 3672 
2 8 3672 670 14367 9647 6718 11633 9649 11678 
2 3 3734 3752 3765 
1 5 11668 3760 9696 3720 3734 
2 5 9417 9430 6445 6493 6474 
2 6 11437 453 472 486 3466 6474 
2 9 3686 13251 6724 9718 6771 11700 6596 11405 453 
2 5 11437 6423 11561 6451 3452 
2 8 6455 9435 16831 13678 754 16830 741 11670 
1 6 3452 409 6597 3575 3757 754 
2 5 525 504 6497 11112 9481 
2 4 11514 13988 11464 9481 
2 8 11479 9175 9454 438 148 6429 6455 9481 
2 6 3392 11528 16651 6306 3309 9304 
2 7 559 9519 3584 582 11060 11557 525 
1 5 559 11504 6578 16215 418 
2 9 418 9556 6554 9531 3491 502 11102 3479 6474 
2 7 413 6477 9579 3554 457 15882 3580 
2 5 3580 15883 11310 15884 9355 
2 6 6262 3292 11242 11368 15885 9355 
2 6 6262 6396 6290 9348 6414 6380 
2 6 3580 558 9449 3492 16217 418 
2 5 6508 11489 6458 6532 11557 
2 5 9288 546 3568 3480 11489 
2 9 9288 13738 6344 6373 3350 331 16641 386 16642 
2 5 3335 6252 11284 11235 11300 
2 11 6380 14315 3391 3327 401 11384 11254 9272 6387 3362 306 
2 3 306 11290 16645 
2 8 11370 16642 216 294 11322 3331 11220 16645 
2 8 9288 9342 11229 11325 371 398 3364 3335 
2 4 3335 6411 9384 9355 
1 5 11370 11216 3759 11341 9304 
1 5 3320 15479 6340 277 11370 
1 6 9206 9100 13663 3060 13320 3151 
1 6 7477 7563 7635 4599 12491 12333 
1 5 12333 8099 10414 7924 12161 
2 8 12161 13318 1623 1573 7775 1216 1919 10187 
2 8 10187 4629 14186 10366 4578 4636 10353 7657 
2 10 7657 7600 7243 12471 7354 4376 1429 4394 7341 4294 
2 5 4294 1254 4322 3563 12128 
1 7 4294 7438 9528 11480 554 6615 3618 
2 8 12128 10299 6515 3330 3357 393 11348 11225 
2 6 11771 11808 916 4642 4572 13621 
2 9 11771 14850 846 9831 930 1499 4561 12485 1847 
1 5 7763 7832 7848 12618 1847 
2 5 13621 11744 7652 7746 10433 
1 8 944 9897 973 9766 11906 6811 810 6838 
1 8 13621 7663 11864 9913 9928 3947 11862 944 
2 5 10433 7526 1645 4506 1847 
1 5 11906 12482 10503 12412 10433 
3 6 11771 9885 3895 3839 3970 6981 
2 5 11771 987 9781 11764 964 
1 5 964 3783 6851 1150 15229 
3 11 11771 6951 9788 11815 9835 6837 11886 3900 1052 12043 10068 
3 5 6981 11835 912 9790 4052 
3 6 4052 10065 13275 1003 12040 7125 
3 5 11977 7204 10083 13288 7125 
3 5 11977 1081 4086 13287 4056 
1 4 10110 13283 13286 11977 
2 7 7125 1148 9981 13276 848 13279 6928 
1 9 6928 3981 3852 6922 959 6822 898 6944 944 
2 5 12068 1091 11959 7214 7186 
2 5 7110 4164 11925 1183 4102 
2 2 1025 7110 
2 4 1092 10052 15330 11985 
2 4 1092 15331 11946 7212 
2 6 7072 15309 14370 12031 15332 7212 
1 3 14370 1136 9985 
2 4 9985 1136 11960 7072 
2 10 11985 15330 7050 1191 15333 7145 1167 10055 15311 9985 
2 5 11960 4142 15316 4172 10125 
2 6 10032 7102 15317 15316 4172 10125 
2 5 10125 15314 12097 15313 7087 
2 4 9998 15298 7157 7087 
3 3 1182 15300 9998 
2 5 1182 1097 11908 11989 12007 
1 3 12007 15319 10032 
2 5 12007 10128 10015 7187 4172 
2 3 12007 15321 1117 
2 10 1182 4188 15302 4100 7016 4118 15334 1024 15336 7169 
2 8 1117 11930 4067 15340 1063 9865 15344 6994 
2 6 6994 15344 3848 12056 15338 7169 
2 4 3962 15346 7532 10444 
2 3 10444 10512 12421 
2 4 9843 11761 16706 10068 
1 4 1052 900 11822 9843 
1 4 9843 16704 9776 1590 
1 5 11752 7674 1489 10397 1590 
2 6 9843 4140 9969 7109 7000 4093 
2 4 4174 12344 12078 4093 
2 9 9958 1139 4114 4144 1169 1188 16850 4190 7109 
1 6 9958 7656 10098 4010 12069 10043 
2 3 10043 4037 1069 
1 6 1069 12045 4071 7089 10119 10000 
1 7 1069 7189 11980 11944 16849 4137 10068 
1 9 10043 7025 12055 11973 1161 11916 1001 4786 11913 
1 7 7014 12076 10034 12052 10076 11982 11913 
1 4 7014 12076 4042 7191 
1 5 7191 11991 1096 7058 9974 
2 9 9958 10364 12012 7568 10446 7580 16692 7167 4619 
1 5 7097 9999 4631 1036 4619 
1 3 7097 10517 7101 
1 5 7097 13143 12350 9982 9970 
1 5 3992 7653 1628 16685 1036 
1 5 3992 4083 7172 12030 10112 
1 4 1047 15252 7108 10062 
1 5 9970 1120 12095 15253 1047 
1 9 1185 12048 1073 12008 15249 1114 4501 10346 7446 
1 3 11936 15247 1185 
1 6 4401 12232 10232 12204 1285 10162 
1 8 11936 10016 4397 12297 7280 1302 4379 10309 
2 10 7408 10250 10221 12173 10411 7572 15233 7353 15238 1488 
2 21 4412 10297 1376 13306 1364 13307 1291 12144 10156 12286 1366 12230 12931 10158 1308 4388 12220 12122 4392 1427 7408 
2 6 4412 13305 7427 13303 14926 4424 
2 7 7381 4406 1425 4621 4434 7642 10135 
1 5 10135 14246 10491 4390 4608 
1 3 7669 1431 12104 
2 9 7564 7535 7522 4481 12308 10475 10460 4560 7566 
1 9 7564 10430 12451 10500 4658 4478 10388 7520 12406 
2 4 12406 4864 4673 7859 
2 9 12406 1537 10427 10682 10455 5161 7755 12576 7798 
2 6 12910 12924 12932 4776 7811 7798 
2 4 12910 10925 7567 2186 
1 8 10427 12377 11019 2114 8249 5211 5225 2186 
1 14 1652 2157 10983 1526 10997 12962 12976 2191 12948 5197 5183 8220 2219 2186 
2 5 2211 2203 5195 15263 2197 
2 9 1814 4804 7692 1786 1746 1713 7887 1565 4543 
1 3 12604 12617 4804 
1 2 7692 1801 
1 4 7260 10287 14063 14064 
1 6 12763 14391 14389 8022 10887 12005 
2 7 12005 2076 14954 10729 2032 14952 2086 
1 3 12005 9084 8007 
1 6 8007 15127 15125 10898 1971 10735 
1 4 10735 10813 7847 5105 
1 4 5105 14384 15215 5075 
1 4 4110 7084 4382 1971 
1 3 4110 10108 3456 
2 13 2086 14951 4915 2054 1908 15372 4984 15370 10847 10866 4382 7084 4110 
2 5 4984 12886 1103 13075 9975 
1 6 9975 7696 7207 4132 14987 14394 
1 8 9975 10527 11952 7150 4187 14392 7013 1349 
1 5 1273 4291 12105 10799 10259 
1 5 12105 4278 10208 8100 8011 
1 12 7447 7391 14804 7395 16754 14818 12208 1273 4395 7232 12269 1349 
1 9 10246 8067 7363 10274 7447 16753 1238 1321 16751 
1 2 4416 10246 
1 4 10246 1268 7436 10278 
1 5 8011 12734 1344 12180 10278 
1 3 8067 10808 8011 
1 5 12180 10152 1430 4321 7340 
1 5 7340 4280 12114 4472 8087 
1 3 8087 10324 11261 
1 3 8087 5104 11261 
1 3 5104 10259 10756 
1 5 10756 10296 12779 7310 1344 
1 3 10756 4414 8100 
1 6 11261 1359 12142 4353 10270 1349 
1 5 7340 1228 4237 10255 14816 
1 5 14816 10001 12462 10116 10088 
1 5 10088 1101 4104 4062 4245 
1 5 1349 7119 7060 7430 10030 
3 5 2086 14951 10794 5086 12137 
1 4 12137 2947 4045 5040 
1 4 12137 5055 14241 5040 
1 4 12137 1377 12777 12786 
1 5 12786 2005 1569 4571 4516 
1 6 5040 7938 10332 14240 10471 4571 
2 9 10332 12480 7497 12307 12035 1444 4204 10077 4245 
2 6 4516 4544 12452 1444 4204 4245 
1 5 1538 1059 14544 7220 4062 
1 4 10030 4883 4557 12420 
1 5 12420 7574 9946 10428 1101 
1 6 10030 4950 14976 14980 5096 5040 
1 5 10077 1609 4616 7662 10416 
1 8 4644 4616 7662 9993 12423 1497 12395 12366 
1 4 10514 14414 7179 9991 
1 4 9991 1142 15122 12090 
1 6 1492 10386 12492 12464 1082 8063 
2 8 1330 12127 1417 12256 4626 12449 12404 1492 
1 3 1403 4336 12127 
1 5 4948 7972 13630 15119 13628 
1 7 14567 14566 14564 14562 14561 12731 2050 
1 5 10968 14448 12925 13814 5117 
1 6 5199 12504 14055 12677 16578 14430 
2 4 13534 13539 13540 10929 
2 5 10929 13538 13537 12935 2120 
2 13 5199 2221 14050 7872 13535 13534 4851 13531 10525 10963 13477 13479 13476 
1 2 13445 13446 
2 2 13448 13446 
2 7 13448 13446 2229 15222 5203 13398 13397 
2 7 12589 13377 13376 12692 12547 13375 4696 
1 3 4696 13378 1833 
2 3 4696 4822 13385 
3 3 13385 5231 12648 
3 6 12648 15227 13399 12064 10400 13409 
1 5 13409 13410 13407 13475 13476 
1 6 13409 13406 13411 10566 2171 8245 
1 5 12064 13393 13390 13389 1468 
1 2 1468 7576 
1 5 2196 8205 12911 14105 5180 
2 4 13397 1509 13387 13385 
1 3 5210 14108 2206 
1 3 2206 5196 1939 
1 6 1939 14041 14038 14042 12929 12989 
1 10 650 8229 14623 12984 8251 5121 14621 16021 16020 12954 
1 2 14625 650 
1 7 650 8222 5191 14626 8194 14629 5228 
1 5 5228 14632 11000 5171 12994 
1 5 12994 8217 14617 5131 14618 
1 5 14618 10952 5229 12930 14893 
1 4 14893 10938 8157 5230 
1 3 5230 13086 14752 
1 2 14758 14754 
1 4 650 10992 14649 12970 
1 8 12364 16082 12379 16075 16071 4573 16057 7621 
1 10 1639 4643 16045 16052 1568 16063 16069 1555 16083 12364 
1 7 1555 10402 16072 16073 10418 12998 16058 
1 8 1639 16043 12494 14639 16034 16035 14640 12306 
1 4 12942 10985 14713 14651 
1 6 12364 16087 12351 16090 16089 14651 
1 10 12970 14650 14712 8208 7550 16088 16084 16086 16085 12364 
1 10 8216 14728 5143 8255 14723 13000 14657 5163 7500 14651 
1 5 14656 12453 10515 16087 12364 
1 6 2152 2173 14662 8238 14659 14656 
1 5 10362 12496 1613 1626 4604 
2 7 4604 4589 7594 1542 1529 4533 8181 
1 2 10447 4589 
1 2 10513 5112 
1 4 8181 7553 10947 10513 
2 7 12951 2181 1583 11003 11008 10947 10513 
1 3 12438 12972 11008 
1 5 10513 10432 16747 16746 10980 
2 3 16746 12334 8148 
1 6 8148 7589 4570 16774 16775 10999 
1 3 10946 5083 8143 
1 5 10998 5182 10967 5168 2227 
1 5 12798 16467 5051 14344 8252 
1 5 12753 14981 16280 14072 10886 
1 11 7622 16227 13704 10498 7451 10374 13702 16222 16221 12347 1550 
2 4 12753 8236 15007 15008 
2 5 15008 12810 8089 15040 1965 
1 5 1965 12755 4887 15044 13089 
1 3 13089 15014 8032 
2 8 13089 15016 15018 12873 14996 10895 8057 13717 
2 4 13717 1945 4977 4908 
2 5 4908 10765 8012 16708 3834 
2 5 1965 15042 2011 15047 15048 
1 3 15048 4956 14997 
1 3 15048 10172 15010 
1 4 15010 5052 15046 15047 
2 4 15048 12721 14998 7973 
2 3 14997 2083 12721 
1 4 8003 10853 15011 15010 
2 3 8003 15000 7973 
1 4 14998 10769 14999 5015 
2 2 8003 10916 
2 4 10916 10830 2037 8097 
2 3 5015 12369 6785 
3 6 7973 12835 15002 5061 6987 12782 
1 2 8097 10740 
2 6 10740 10894 5038 12728 2019 12782 
2 5 6785 2042 4884 12410 10337 
2 5 12782 1927 12341 13620 10337 
2 4 3960 10861 10504 13620 
2 4 3960 7981 5022 1927 
2 6 10337 1500 12313 4507 4535 7552 
2 3 7552 7524 4464 
1 3 4464 7668 7480 
2 4 7480 10520 15005 492 
2 9 12381 1572 16819 12439 866 10489 9834 16816 1843 
2 3 12439 16818 7388 
2 5 12384 10492 12470 1433 12381 
1 4 492 860 7583 12384 
2 3 492 7422 12735 
2 3 11975 1480 12381 
2 3 11975 1547 7202 
2 11 12384 638 10394 1485 4653 16360 4491 7012 10029 16353 7202 
2 3 4491 16361 7138 
1 4 7138 7083 12054 1132 
2 3 865 16879 3823 
1 2 7083 7045 
1 6 7083 16359 11927 10047 16354 7202 
2 5 3957 873 6846 16881 865 
2 4 3957 6128 13209 6984 
2 4 6845 3824 16365 6984 
2 5 6845 11782 6882 16368 3878 
2 5 9832 6909 9847 13353 16368 
2 4 9832 11830 3906 6732 
2 8 6845 6869 11785 9804 6872 12405 880 11800 
2 12 4345 15518 7345 15515 11662 10381 11722 9693 9673 9774 3894 16368 
2 7 11654 734 3733 3747 9708 1436 9693 
2 5 11654 6707 3687 882 6890 
2 5 6890 9825 3685 689 870 
2 5 11800 9808 827 6855 9775 
2 7 870 15924 9654 15925 6713 16408 9450 
2 3 11800 4442 6890 
2 9 6710 11656 16837 6769 9684 16834 695 11641 9654 
2 5 9775 4601 831 9796 1595 
1 5 15920 4531 4437 15923 6713 
2 6 16408 9682 10461 16399 720 12697 
2 8 1595 15920 15919 4508 16394 7626 16393 12305 
2 8 11800 11789 9789 6823 6929 11888 951 873 
2 3 12384 5090 10909 
1 4 12735 12803 968 10909 
1 3 10909 7791 913 
1 4 913 1582 12568 1445 
1 4 1445 4452 7547 6971 
1 7 6971 16882 7588 7646 10343 16878 3823 
2 5 12735 1587 11717 7464 7797 
2 5 12735 10192 10824 12501 12670 
2 6 12670 1987 10615 7797 16455 4625 
1 5 12489 16450 16451 4625 4540 
2 2 7552 1453 
2 7 12489 7543 16446 10355 1559 7555 1528 
2 7 3960 9829 5001 14239 16445 16447 12489 
2 4 1453 1643 1528 12401 
2 3 12401 6968 5001 
1 3 10798 7904 1806 
2 6 3960 2082 8025 6803 1618 1806 
2 7 3960 9920 5085 4919 10702 7762 4586 
2 2 10798 7762 
1 5 10717 12361 1621 4569 12305 
1 3 10717 1564 10370 
1 4 10370 12463 12346 4569 
2 4 10370 1534 9802 4811 
2 4 4811 1352 7834 10717 
1 2 4811 1806 
2 2 4586 4814 
2 3 1827 3869 4723 
2 3 4975 10642 12627 
2 3 12627 10588 1827 
2 6 4811 4740 12024 4814 12570 12642 
2 10 12586 10676 16375 16372 10606 16369 4830 11772 12642 1827 
2 6 1866 9880 7536 12577 12646 10666 
2 9 10740 3867 12720 7891 9773 12893 9908 12624 4586 
2 4 1352 1753 3708 16372 
2 10 12586 9892 1678 1586 7539 10393 16400 1527 7611 720 
2 6 10478 7306 12418 1770 10666 12586 
2 6 1866 4807 4664 10341 12456 12357 
2 3 12357 16413 9450 
2 8 12357 9657 926 1760 10526 3699 1719 1866 
2 7 12361 7607 7449 7539 10478 1560 10341 
1 7 1747 1875 7771 10569 12667 1867 9880 
3 4 1866 6752 10618 10685 
2 6 10685 4772 1836 10709 14228 4759 
2 4 4759 15571 15593 12603 
2 8 15593 1788 1848 12145 15580 15584 15581 4872 
2 3 4759 7883 4863 
1 4 12585 12572 10624 4863 
2 8 1690 1832 4838 1854 11712 10593 10624 4863 
2 6 1690 10327 12214 7414 16900 16902 
2 5 1408 15562 10157 16902 7315 
2 7 1690 12124 3781 6742 7779 4860 12585 
2 8 12585 4857 7760 10587 4839 3750 7862 4772 
2 7 12585 1851 7814 1815 10711 10640 4723 
2 5 12535 7888 12633 12561 10640 
2 4 12535 16741 10582 4865 
1 8 12627 868 7684 16731 16735 16736 16737 4865 
2 4 12535 1789 10556 9616 
2 7 7315 4669 7386 16897 10271 7255 12211 
2 4 528 4274 3513 7255 
2 7 781 15292 6482 3471 11733 16888 528 
3 4 9713 9697 6772 781 
1 5 1562 15272 11757 15276 9814 
1 5 10387 11795 823 15277 9814 
1 5 11795 15273 11876 7986 10783 
3 6 6861 6876 13617 13625 13624 9713 
2 6 6861 13618 9911 15282 941 10387 
2 5 13625 15207 3677 15285 9671 
1 8 3834 16713 853 1793 16718 16719 11814 7667 
1 4 4975 12552 10645 10573 
1 4 10573 16720 12765 16718 
2 3 16713 16711 10783 
2 5 12791 5044 7920 16712 3834 
2 4 4799 7667 4657 10387 
3 12 9713 15287 13632 4607 10422 12134 4736 1862 7756 1663 16739 4865 
2 3 7762 11802 4740 
1 2 10798 11802 
2 8 12670 6974 10727 11635 15915 12437 15918 1595 
2 6 1445 6696 1881 15917 10448 1595 
2 5 7797 7615 4540 4449 4569 
2 4 15500 3763 15502 3775 
3 9 3775 15505 6797 9580 11567 3605 15507 6625 3778 
3 5 4345 15522 15525 1341 3778 
2 7 3778 3635 3661 14203 6676 6510 9467 
2 3 12603 12663 15634 
2 11 4739 15641 3481 15634 15636 12593 3721 15603 15599 15610 4872 
2 8 4739 15633 15645 9669 15660 15663 515 3010 
1 5 3706 2407 15607 15608 14230 
2 13 3706 15624 15627 15625 4877 15622 7853 15699 15698 4413 15577 15576 1408 
2 9 12571 10644 15656 7761 15651 1804 6754 15665 3010 
2 7 4345 15522 15529 9601 7291 15535 12149 
2 17 12149 7433 15531 1284 15547 12291 4305 15554 7379 4432 15539 15530 1424 15521 7304 7644 7361 
2 11 4285 15514 4342 15517 1282 10318 12202 15519 10230 7289 7345 
3 4 663 13371 11604 636 
1 4 658 13369 9620 663 
1 4 14893 14889 14887 14888 
1 4 2152 14516 2209 14518 
2 10 383 4761 6331 6406 15444 9251 9226 242 363 299 
1 8 383 6310 15457 171 11151 3171 11184 6115 
1 8 6188 6164 9054 3141 11114 9138 179 6160 
2 6 11127 1271 6099 10635 9221 592 
1 3 6408 1828 10635 
1 5 15110 3525 3194 6322 3296 
1 8 310 11358 11226 9246 15492 9438 15493 9483 
1 5 9438 15492 11498 15488 15487 
1 6 9483 9731 3337 14543 348 395 
1 3 3288 15489 14543 
2 5 13091 10679 13355 15697 13181 
1 4 13091 7855 10636 4833 
1 3 13203 15688 4666 
1 9 1408 15579 15592 1393 10273 15638 1858 1323 12571 
1 7 12571 12231 10258 10228 4385 12508 1799 
1 15 12603 15605 15609 3769 3800 14230 15590 1262 15583 7820 15582 15589 7677 15600 15699 
1 9 3010 15671 15673 12166 15678 14233 15680 14224 1411 
2 5 3706 15632 7787 15657 3010 
1 4 1262 15602 1763 3706 
1 11 3721 15630 10656 12636 7782 14221 10585 7185 15683 14237 14232 
1 6 4872 15588 1873 11667 12597 10618 
2 15 4872 4426 15594 14217 11571 13094 4775 7899 761 10718 7794 14235 4869 7366 9467 
1 3 1424 15523 4285 
1 7 12505 15537 15552 7758 14209 15559 7788 
1 5 7304 10244 15516 15524 15526 
1 6 15530 12289 634 15534 4362 15547 
2 4 4345 14202 4270 6625 
2 10 3775 15502 3763 15500 11695 722 15499 15498 9667 6710 
3 8 9467 3640 11728 15510 9585 6607 15504 3775 
2 8 9724 9711 15499 722 11695 15500 749 11654 
1 3 6710 16838 9724 
2 4 6607 774 15501 722 
1 4 12582 602 14216 14235 
1 5 11293 15724 369 11287 9303 
1 6 11967 15742 10061 1071 4145 4076 
1 3 11954 10123 12094 
1 4 1149 4194 7209 9980 
2 3 6582 14966 6524 
2 3 6524 538 6501 
1 6 6521 375 15774 11219 15777 15780 
1 3 14397 12446 12592 
2 12 3134 11117 178 74 9203 6181 3121 9123 3008 86 3189 9195 
1 10 9054 15801 114 15806 9182 6147 11116 113 6129 15817 
1 15 9154 46 3039 11148 9141 11120 15835 15838 3138 6200 11190 6024 15853 15858 15865 
1 2 6161 9143 
1 5 15830 9093 15831 11069 15838 
2 14 9151 205 130 13613 6063 11185 15825 118 11067 15830 6161 15844 3104 9186 
1 2 11067 6132 
1 2 182 15825 
1 6 9149 11163 35 9185 9209 6188 
1 2 6994 9859 
1 4 12421 15352 15354 4576 
1 8 10444 15348 15347 15349 12493 15350 1512 15879 
1 4 12421 1642 15880 15353 
1 3 15353 15351 1512 
2 3 7110 15329 9950 
1 5 1025 4027 10092 7178 1020 
1 3 11925 11949 1020 
1 2 15329 1158 
1 7 7197 11997 7046 4179 15304 4094 9965 
1 5 9075 3159 15893 15894 11064 
1 5 11136 200 11207 15892 9075 
1 4 15889 15888 9383 3273 
1 5 9665 3703 9681 6725 9515 
2 3 9825 3853 6855 
1 4 1595 15921 15922 870 
1 6 3578 6539 9475 6506 6602 3582 
1 6 6124 6171 9114 11025 3102 186 
1 5 1639 16048 1596 16064 10418 
2 11 9814 15278 15279 11859 6881 986 15283 15284 3840 9637 3677 
1 3 3677 15286 3678 
1 2 8113 12716 
1 2 10886 14070 
1 4 10886 16287 16286 13085 
1 3 12738 16271 14068 
1 2 13087 12878 
1 2 13087 16265 
1 6 3578 3426 11551 433 11408 6587 
1 3 3421 6776 6474 
1 5 3479 16303 9461 6206 11450 
1 3 9680 9677 9718 
1 10 12586 16382 16378 7852 3855 16377 3613 16380 16383 4723 
1 2 16372 7852 
2 3 12697 10457 12305 
1 5 7611 16403 16407 16410 9450 
1 5 12489 12458 16452 12778 6803 
1 6 2097 3795 1600 14670 13340 10106 
1 5 13350 7170 1074 10907 4111 
1 6 12473 7671 16495 1606 14585 2013 
1 5 12975 6008 13806 13815 8193 
1 3 13806 8048 10968 
1 7 3335 3306 6386 6355 6304 580 3580 
1 4 16215 11397 501 3520 
1 5 6508 9477 522 3044 3520 
1 9 94 9045 9055 11038 3092 9248 16924 6102 16923 
1 4 11254 3279 6303 11349 
1 6 14316 11282 9302 366 11326 6303 
1 4 6344 6233 11271 11220 
1 12 9288 9249 6319 3293 215 13736 13724 11285 11503 560 6415 11528 
1 6 3293 6232 9466 6593 13989 11514 
1 6 11109 9234 16655 9319 11392 11202 
1 9 11234 387 9386 11259 3333 9275 222 341 7482 
1 4 16655 9254 207 387 
1 4 11259 6242 11304 11392 
1 4 7757 4789 1765 7789 
1 8 4799 1651 16723 12573 16726 10662 10651 16737 
1 3 6136 102 3180 
1 4 6038 9132 107 6041 
1 3 12939 15211 15210 
1 8 3526 6990 13645 9930 11774 13646 11905 11842 
1 4 4109 3988 7211 4193 
1 8 6671 1599 12380 12441 3564 12320 14092 6997 
1 5 6997 4660 9715 11704 4614 
1 2 9510 9495 
1 7 6369 6398 3346 356 328 11337 15884 
2 4 6369 9367 11381 11351 
1 5 6262 6315 3250 3376 3346 
2 5 11381 9245 9273 11294 11248 
1 7 3050 139 37 3131 3013 136 141 
1 5 3068 6210 3185 6146 9233 
1 5 9233 16527 82 120 158 
1 5 3125 11199 132 11132 195 
1 7 3122 16521 16522 6138 3119 16519 11033 
1 4 169 16514 16516 3137 
1 3 3083 9094 11172 
1 4 9183 165 11043 3013 
1 5 11164 16533 124 6087 203 
1 4 525 3543 441 6593 
2 10 3392 6546 11441 3412 16832 3496 16833 6520 9493 6593 
1 5 9477 9566 11553 6254 580 
1 4 11454 11530 14467 3584 
2 4 504 3494 184 11454 
1 6 11454 11438 11424 9451 6480 9435 
1 4 3452 3468 488 11454 
1 4 3755 574 9573 11561 
1 3 11683 16311 9573 
2 5 572 13546 9558 536 11479 
1 2 9575 6583 
1 4 6680 11638 9666 708 
2 3 9524 3500 6524 
1 4 11536 746 713 3696 
1 6 6573 3731 6751 13271 16855 716 
1 3 3484 14486 16859 
1 4 9692 9539 11511 3569 
1 5 6647 16782 13602 16781 11899 
1 5 11586 3609 606 6799 13602 
1 7 6998 6970 3984 3956 982 16780 11899 
1 4 6619 9586 3985 984 
1 3 9458 16796 3501 
1 5 3369 11471 6103 507 16794 
1 3 6351 3422 3463 
1 4 10265 7323 10165 1415 
1 7 10265 1221 12236 10306 1372 12279 4228 
2 3 9297 11345 6318 
1 3 9315 11382 11279 
2 2 7125 7221 
1 2 4052 13278 
2 2 9907 6946 
1 3 3838 11804 9851 
1 3 989 12100 13234 
1 4 6262 11347 3308 382 
1 5 382 11300 11369 335 11254 
2 4 382 3263 6348 14315 
1 3 9665 3684 688 
1 3 14964 3326 14965 
1 8 11483 6504 11606 3447 13011 9472 3560 5291 
1 3 6557 6435 16833 
1 3 13546 422 3412 
2 2 15440 12766 
2 4 689 16835 16836 6710 
1 4 4190 10022 11996 11944 
1 3 6685 11610 14672 
1 5 11610 9643 6670 16853 6700 
1 5 16855 13272 6561 3537 11539 
2 7 7816 7736 1696 1748 4726 4705 12641 
2 6 7841 4750 10664 4815 7838 1727 
2 5 1727 4797 4837 10528 7816 
1 7 7757 12631 7886 10576 7815 1837 4724 
1 5 10649 10580 10712 4687 7815 
1 3 9606 11787 3617 
3 6 3283 11558 9439 9546 3695 9508 
2 4 9095 11507 9521 11399 
1 3 6347 12889 3295 
1 4 13721 12099 3254 11312 
2 11 1802 12654 7748 10655 1267 7801 4805 12638 12678 14420 12189 
1 10 12189 12192 1397 3756 12263 12136 1343 9733 7309 4404 
1 4 11399 9452 4246 422 
1 5 6418 424 9555 3571 15974 
2 5 13657 11525 6552 9527 13207 
1 5 9570 15108 3485 16860 494 
1 4 13657 543 732 9665 
3 5 603 773 11568 16864 3780 
1 4 14576 11564 14536 3601 
2 7 12641 1672 7785 12507 12681 4719 10612 
1 8 1847 7894 13150 10567 4852 4745 7743 10612 
2 4 10740 12791 8070 4975 
2 5 865 11738 16870 11783 7045 
2 2 11738 788 
2 4 3513 12211 16893 10183 
2 2 4669 16900 
1 2 11495 16888 
2 10 11678 9694 735 11681 9709 6781 3765 9744 585 9417 
1 11 654 11599 11617 11647 9663 1455 717 3698 3717 6738 735 
1 7 203 6137 11030 197 11085 15796 3121 
1 9 186 9213 6193 16912 6199 11074 6166 16911 72 
